10062001
10072001
10132001
10142001
10202001
10212001
10272001
10282001
11032001
11042001
11102001
11112001
11172001
11182001
11242001
11252001
12012001
12022001
12082001
12092001
12152001
12162001
12222001
12232001
12292001
12302001
01012002
01052002
01062002
01122002
01132002
01192002
01202002
01262002
01272002
02022002
02032002
02092002
02102002
02162002
02172002
02182002
02232002
02242002
03022002
03032002
03092002
03102002
03162002
03172002
03232002
03242002
03302002
03312002
04062002
04072002
04132002
04142002
04202002
04212002
04272002
04282002
04302002
05042002
05052002
05112002
05122002
05182002
05192002
05242002
05252002
05262002
05272002
06012002
06022002
06082002
06092002
06152002
06162002
06182002
06192002
06222002
06232002
06292002
06302002
07012002
07022002
07032002
07042002
07052002
07062002
07072002
07132002
07142002
07162002
07192002
07202002
07212002
07252002
07272002
07282002
07302002
07312002
08032002
08042002
08102002
08112002
08172002
08182002
08242002
08252002
08262002
08272002
08282002
08292002
08302002
08312002
09012002
09022002
09032002
09042002
09052002
09062002
09072002
09082002
09142002
09152002
09212002
09222002
09242002
09282002
09292002
10052002
10062002
10122002
10132002
10172002
10192002
10202002
10262002
10272002
10302002
11022002
11032002
11092002
11102002
11132002
11162002
11172002
11232002
11242002
11282002
11292002
11302002
12012002
12032002
12062002
12072002
12082002
12122002
12142002
12152002
12182002
12212002
12222002
12252002
12262002
12272002
12282002
12292002
01012003
01042003
01052003
01062003
01112003
01122003
01152003
01182003
01192003
01202003
01242003
01252003
01262003
02012003
02022003
02032003
02082003
02092003
02122003
02152003
02162003
02222003
02232003
02282003
03012003
03022003
03082003
03092003
03152003
03162003
03222003
03232003
03292003
03302003
04052003
04062003
04112003
04122003
04132003
04192003
04202003
04212003
04222003
04262003
04272003
05012003
05032003
05042003
05102003
05112003
05152003
05172003
05182003
05212003
05242003
05252003
05312003
06012003
06072003
06082003
06142003
06152003
06182003
06212003
06222003
06252003
06282003
06292003
07022003
07052003
07062003
07092003
07122003
07132003
07162003
07192003
07202003
07232003
07252003
07262003
07272003
07292003
07312003
08022003
08032003
08052003
08072003
08082003
08092003
08102003
08122003
08162003
08172003
08192003
08232003
08242003
08302003
08312003
09012003
09052003
09062003
09072003
09082003
09132003
09142003
09202003
09212003
09272003
09282003
10042003
10052003
10112003
10122003
10182003
10192003
10252003
10262003
11012003
11022003
11082003
11092003
11152003
11162003
11192003
11202003
11222003
11232003
11262003
11272003
11282003
11292003
11302003
12062003
12072003
12132003
12142003
12202003
12212003
12272003
12282003
01032004
01042004
01102004
01112004
01172004
01182004
01242004
01252004
01312004
02012004
02072004
02082004
02142004
02152004
02162004
02202004
02212004
02222004
02262004
02282004
02292004
03062004
03072004
03132004
03142004
03202004
03212004
03272004
03292004
04022004
04032004
04042004
04092004
04102004
04112004
04162004
04172004
04182004
04242004
04252004
05012004
05022004
05082004
05092004
05152004
05162004
05222004
05232004
05292004
05302004
05312004
06052004
06062004
06122004
06132004
06192004
06202004
06252004
06262004
06272004
07032004
07042004
07052004
07102004
07112004
07162004
07172004
07182004
07242004
07252004
07312004
08012004
08062004
08072004
08082004
08132004
08142004
08152004
08212004
08222004
08262004
08282004
08292004
09042004
09052004
09062004
09112004
09122004
09142004
09172004
09182004
09192004
09202004
09212004
09222004
09232004
09242004
09252004
09262004
10022004
10032004
10092004
10102004
10162004
10172004
10182004
10232004
10242004
10302004
10312004
11032004
11062004
11072004
11132004
11142004
11202004
11212004
11252004
11272004
11282004
12012004
12042004
12052004
12082004
12112004
12122004
12142004
12172004
12182004
12192004
12252004
12262004
12282004
12302004
01012005
01022005
01062005
01082005
01092005
01152005
01162005
01192005
01222005
01232005
01292005
01302005
01312005
02052005
02062005
02082005
02122005
02132005
02152005
02192005
02202005
02252005
02262005
02272005
03052005
03062005
03122005
03132005
03192005
03202005
03212005
03232005
03262005
03272005
03282005
03302005
04022005
04032005
04072005
04082005
04092005
04102005
04132005
04162005
04172005
04202005
04232005
04242005
04302005
05012005
05032005
05062005
05072005
05082005
05112005
05142005
05152005
05182005
05212005
05222005
05262005
05272005
05282005
05292005
05302005
06022005
06042005
06052005
06082005
06102005
06112005
06122005
06162005
06182005
06192005
06252005
06262005
06282005
07022005
07032005
07092005
07102005
07142005
07162005
07172005
07202005
07232005
07242005
07282005
07302005
07312005
08022005
08062005
08072005
08102005
08132005
08142005
08172005
08202005
08212005
08272005
08282005
08292005
09032005
09042005
09052005
09082005
09102005
09112005
09152005
09172005
09182005
09232005
09242005
09252005
09302005
10012005
10022005
10082005
10092005
10152005
10162005
10182005
10222005
10232005
10292005
10302005
10312005
11052005
11062005
11112005
11122005
11132005
11192005
11202005
11242005
11252005
11262005
11272005
11282005
12012005
12032005
12042005
12072005
12102005
12112005
12132005
12152005
12172005
12182005
12202005
12222005
12242005
12252005
12292005
12302005
12312005
01012006
01072006
01082006
01092006
01142006
01152006
01192006
01212006
01222006
01242006
01262006
01282006
01292006
01302006
02022006
02042006
02052006
02102006
02112006
02122006
02182006
02192006
02232006
02252006
02262006
02282006
03042006
03052006
03062006
03092006
03112006
03122006
03132006
03162006
03182006
03192006
03252006
03262006
03272006
03292006
03312006
04012006
04022006
04042006
04062006
04082006
04092006
04102006
04122006
04152006
04162006
04192006
04222006
04232006
04262006
04292006
04302006
05042006
05062006
05072006
05092006
05112006
05132006
05142006
05152006
05202006
05212006
05262006
05272006
05282006
05292006
06032006
06042006
06062006
06102006
06112006
06122006
06152006
06172006
06182006
06202006
06222006
06242006
06252006
06272006
06292006
07012006
07022006
07042006
07062006
07082006
07092006
07102006
07152006
07162006
07202006
07222006
07232006
07242006
07272006
07292006
07302006
08012006
08032006
08052006
08062006
08082006
08102006
08122006
08132006
08152006
08192006
08202006
08222006
08262006
08272006
08302006
09022006
09032006
09042006
09092006
09102006
09122006
09162006
09172006
09202006
09232006
09242006
09272006
09302006
10012006
10052006
10072006
10082006
10102006
10142006
10152006
10182006
10212006
10222006
10262006
10282006
10292006
11022006
11042006
11052006
11082006
11112006
11122006
11162006
11182006
11192006
11232006
11242006
11252006
11262006
11282006
12022006
12032006
12072006
12092006
12102006
12122006
12162006
12172006
12202006
12232006
12242006
12252006
12272006
12282006
12292006
12302006
12312006
01012007
01062007
01072007
01102007
01132007
01142007
01192007
01202007
01212007
01242007
01272007
01282007
02012007
02032007
02042007
02072007
02102007
02112007
02142007
02172007
02182007
02192007
02242007
02252007
03032007
03042007
03062007
03102007
03112007
03142007
03172007
03182007
03202007
03242007
03252007
03312007
04012007
04072007
04082007
04092007
04142007
04152007
04202007
04212007
04222007
04272007
04282007
04292007
05052007
05062007
05082007
05122007
05132007
05182007
05192007
05202007
05242007
05262007
05272007
05282007
06022007
06032007
06092007
06102007
06142007
06162007
06172007
06202007
06232007
06242007
06272007
06302007
07012007
07042007
07072007
07082007
07112007
07142007
07152007
07212007
07222007
07242007
07272007
07282007
07292007
08012007
08042007
08052007
08062007
08072007
08112007
08122007
08152007
08182007
08192007
08232007
08252007
08262007
08282007
08312007
09012007
09022007
09032007
09062007
09082007
09092007
09112007
09142007
09152007
09162007
09192007
09222007
09232007
09272007
09292007
09302007
10032007
10062007
10072007
10102007
10132007
10142007
10182007
10202007
10212007
10222007
10272007
10282007
10312007
11032007
11042007
11062007
11092007
11102007
11112007
11152007
11172007
11182007
11222007
11232007
11242007
11252007
11282007
12012007
12022007
12042007
12082007
12092007
12122007
12152007
12162007
12182007
12222007
12232007
12252007
12292007
12302007
12312007
01012008
01052008
01062008
01082008
01102008
01122008
01132008
01152008
01172008
01192008
01202008
01222008
01262008
01272008
01292008
02012008
02022008
02032008
02062008
02092008
02102008
02132008
02152008
02162008
02172008
02202008
02232008
02242008
02252008
02262008
02272008
03012008
03022008
03052008
03082008
03092008
03122008
03152008
03162008
03192008
03222008
03232008
03252008
03292008
03302008
03312008
04052008
04062008
04072008
04122008
04132008
04142008
04192008
04202008
04212008
04262008
04272008
04282008
05032008
05042008
05052008
05102008
05112008
05122008
05172008
05182008
05192008
05212008
05242008
05252008
05262008
05282008
05312008
06012008
06022008
06062008
06072008
06082008
06092008
06142008
06152008
06162008
06212008
06222008
06232008
06272008
06282008
06292008
07042008
07052008
07062008
07092008
07122008
07132008
07142008
07162008
07192008
07202008
07212008
07232008
07262008
07272008
07282008
07302008
08022008
08032008
08042008
08072008
08092008
08102008
08122008
08132008
08142008
08162008
08172008
08182008
08212008
08232008
08242008
08292008
08302008
08312008
09012008
09042008
09062008
09072008
09082008
09132008
09142008
09152008
09172008
09182008
09202008
09212008
09222008
09242008
09262008
09282008
09292008
09302008
10022008
10032008
10042008
10052008
10072008
10092008
10102008
10112008
10122008
10142008
10162008
10182008
10192008
10212008
10222008
10242008
10252008
10262008
10282008
10302008
10312008
11022008
11032008
11042008
11052008
11062008
11072008
11082008
11092008
11102008
11122008
11132008
11142008
11162008
11182008
11192008
11212008
11222008
11242008
11252008
11272008
11282008
11292008
11302008
12012008
12032008
12052008
12062008
12072008
12082008
12102008
12112008
12122008
12132008
12142008
12162008
12172008
12192008
12202008
12212008
12232008
12252008
12262008
12272008
12282008
12292008
12302008
12312008
01012009
01022009
01032009
01042009
01052009
01072009
01082009
01092009
01102009
01112009
01132009
01142009
01152009
01162009
01172009
01182009
01192009
01202009
01212009
01222009
01232009
01242009
01252009
01262009
01272009
01282009
01292009
01302009
01312009
02012009
02032009
02052009
02072009
02082009
02092009
02102009
02122009
02142009
02152009
02172009
02182009
02202009
02222009
02232009
02252009
02272009
02282009
03012009
03032009
03042009
03062009
03072009
03082009
03092009
03112009
03132009
03142009
03162009
03192009
03212009
03222009
03242009
03262009
03282009
03292009
03302009
03312009
04022009
04042009
04052009
04062009
04072009
04112009
04122009
04142009
04152009
04162009
04172009
04182009
04212009
04222009
04242009
04252009
04272009
04292009
05012009
05022009
05032009
05052009
05062009
05072009
05092009
05102009
05122009
05142009
05162009
05172009
05182009
05202009
05212009
05232009
05242009
05252009
05272009
05282009
05292009
05312009
06012009
06032009
06052009
06062009
06072009
06082009
06092009
06112009
06122009
06132009
06162009
06172009
06192009
06202009
06212009
06222009
06242009
06252009
06262009
06272009
06292009
07012009
07032009
07042009
07052009
07072009
07092009
07102009
07112009
07122009
07142009
07152009
07172009
07192009
07202009
07222009
07242009
07252009
07262009
07282009
07302009
07312009
08012009
08032009
08042009
08072009
08082009
08092009
08112009
08122009
08142009
08152009
08162009
08182009
08192009
08212009
08222009
08232009
08242009
08262009
08282009
08292009
08302009
09012009
09022009
09052009
09062009
09072009
09092009
09102009
09112009
09132009
09142009
09162009
09172009
09182009
09192009
09202009
09222009
09242009
09252009
09262009
09272009
09292009
10012009
10022009
10032009
10042009
10062009
10072009
10082009
10102009
10112009
10122009
10132009
10152009
10162009
10182009
10192009
10202009
10222009
10242009
10252009
10262009
10272009
10292009
10312009
11012009
11032009
11042009
11052009
11062009
11082009
11092009
11102009
11112009
11122009
11132009
11142009
11162009
11172009
11182009
11202009
11212009
11222009
11232009
11252009
11262009
11272009
11282009
11292009
11302009
12022009
12042009
12062009
12072009
12082009
12092009
12112009
12122009
12132009
12142009
12152009
12162009
12172009
12192009
12202009
12242009
12252009
12262009
12272009
12282009
12292009
12302009
01012010
01022010
01032010
01052010
01062010
01092010
01102010
01112010
01122010
01132010
01142010
01162010
01182010
01192010
01202010
01212010
01232010
01242010
01252010
01262010
01272010
01282010
01292010
01302010
02012010
02032010
02042010
02052010
02072010
02082010
02092010
02102010
02112010
02122010
02132010
02142010
02152010
02172010
02182010
02192010
02202010
02212010
02232010
02242010
02252010
02262010
02272010
03012010
03022010
03042010
03052010
03062010
03072010
03082010
03092010
03112010
03132010
03142010
03152010
03172010
03182010
03202010
03212010
03222010
03242010
03252010
03272010
03282010
03292010
03312010
04012010
04032010
04042010
04052010
04072010
04102010
04112010
04122010
04142010
04162010
04182010
04192010
04202010
04212010
04232010
04242010
04252010
04272010
04282010
04292010
04302010
05012010
05022010
05032010
05052010
05062010
05072010
05082010
05102010
05122010
05132010
05152010
05162010
05172010
05192010
05202010
05222010
05232010
05252010
05272010
05282010
05292010
05302010
06012010
06022010
06032010
06052010
06062010
06072010
06092010
06112010
06122010
06132010
06142010
06152010
06162010
06172010
06192010
06202010
06212010
06232010
06242010
06252010
06262010
06272010
06292010
06302010
07012010
07022010
07032010
07052010
07062010
07072010
07082010
07102010
07112010
07122010
07132010
07142010
07162010
07172010
07182010
07192010
07202010
07212010
07222010
07232010
07242010
07262010
07272010
07282010
07292010
07302010
07312010
08012010
08022010
08042010
08052010
08062010
08072010
08082010
08092010
08102010
08112010
08132010
08142010
08152010
08162010
08172010
08182010
08192010
08202010
08212010
08222010
08232010
08252010
08262010
08272010
08282010
08292010
08302010
08312010
09012010
09022010
09032010
09042010
09052010
09062010
09072010
09082010
09092010
09112010
09122010
09132010
09142010
09152010
09162010
09172010
09182010
09192010
09202010
09212010
09222010
09242010
09252010
09262010
09272010
09282010
09292010
10012010
10022010
10032010
10042010
10052010
10062010
10072010
10082010
10092010
10102010
10112010
10122010
10132010
10142010
10152010
10162010
10172010
10192010
10202010
10212010
10222010
10232010
10242010
10252010
10262010
10272010
10282010
10292010
10302010
10312010
11012010
11022010
11032010
11042010
11062010
11072010
11082010
11092010
11102010
11112010
11122010
11132010
11142010
11152010
11162010
11172010
11192010
11202010
11212010
11222010
11232010
11242010
11252010
11262010
11272010
11282010
11292010
11302010
12012010
12032010
12042010
12052010
12062010
12072010
12082010
12092010
12112010
12122010
12132010
12142010
12152010
12162010
12172010
12182010
12192010
12202010
12212010
12222010
12232010
12242010
12252010
12262010
12272010
12282010
12292010
12302010
12312010
01012011
01022011
01032011
01042011
01062011
01072011
01082011
01092011
01102011
01112011
01122011
01132011
01142011
01152011
01162011
01172011
01182011
01192011
01202011
01212011
01222011
01232011
01242011
01252011
01262011
01272011
01282011
01292011
01302011
01312011
02012011
02022011
02032011
02042011
02052011
02062011
02072011
02082011
02092011
02102011
02112011
02122011
02132011
02142011
02152011
02162011
02172011
02182011
02192011
02212011
02222011
02232011
02242011
02252011
02262011
02272011
02282011
03012011
03022011
03032011
03042011
03052011
03062011
03072011
03082011
03092011
03102011
03112011
03122011
03132011
03142011
03152011
03162011
03172011
03182011
03192011
03202011
03212011
03222011
03232011
03242011
03252011
03262011
03272011
03282011
03292011
03302011
03312011
04012011
04022011
04032011
04042011
04052011
04062011
04072011
04082011
04092011
04102011
04112011
04122011
04132011
04142011
04152011
04162011
04172011
04182011
04192011
04202011
04212011
04222011
04232011
04242011
04252011
04262011
04272011
04282011
04292011
04302011
05012011
05022011
05032011
05042011
05052011
05062011
05072011
05082011
05092011
05102011
05112011
05122011
05132011
05142011
05152011
05162011
05172011
05182011
05192011
05202011
05212011
05222011
05232011
05242011
05252011
05262011
05272011
05282011
05292011
05302011
05312011
06012011
06022011
06032011
06042011
06052011
06062011
06072011
06082011
06092011
06102011
06112011
06122011
06132011
06142011
06152011
06162011
06172011
06182011
06192011
06202011
06212011
06222011
06232011
06242011
06252011
06262011
06272011
06282011
06292011
06302011
07012011
07022011
07032011
07042011
07052011
07062011
07072011
07082011
07092011
07102011
07112011
07122011
07132011
07142011
07152011
07162011
07172011
07182011
07192011
07202011
07212011
07222011
07232011
07242011
07252011
07262011
07272011
07282011
07292011
07302011
07312011
08012011
08022011
08032011
08042011
08052011
08062011
08072011
08082011
08092011
08102011
08112011
08122011
08132011
08142011
08152011
08162011
08172011
08182011
08192011
08202011
08212011
08222011
08232011
08242011
08252011
08262011
08272011
08282011
08292011
08302011
08312011
09012011
09022011
09032011
09042011
09052011
09062011
09072011
09082011
09092011
09102011
09112011
09122011
09132011
09142011
09152011
09162011
09172011
09182011
09192011
09202011
09212011
09222011
09232011
09242011
09252011
09262011
09272011
09282011
09292011
09302011
10012011
10022011
10032011
10042011
10052011
10062011
10072011
10082011
10092011
10102011
10112011
10122011
10132011
10142011
10152011
10162011
10172011
10182011
10192011
10202011
10212011
10222011
10232011
10242011
10252011
10262011
10272011
10282011
10292011
10302011
10312011
11012011
11022011
11032011
11042011
11052011
11062011
11072011
11082011
11092011
11102011
11112011
11122011
11132011
11142011
11152011
11162011
11172011
11182011
11192011
11202011
11212011
11222011
11242011
11252011
11262011
11272011
11282011
11292011
11302011
12012011
12022011
12032011
12042011
12062011
12072011
12082011
12092011
12102011
12112011
12122011
12132011
12152011
12162011
12172011
12182011
12192011
12202011
12212011
12222011
12232011
12242011
12252011
12262011
12272011
12282011
12292011
12302011
12312011
01012012
01022012
01042012
01052012
01062012
01072012
01082012
01092012
01102012
01112012
01122012
01132012
01142012
01152012
01162012
01172012
01182012
01192012
01202012
01212012
01222012
01232012
01242012
01252012
01262012
01272012
01282012
01292012
01302012
01312012
02012012
02042012
02052012
02062012
02072012
02082012
02102012
02112012
02122012
02132012
02142012
02152012
02162012
02172012
02182012
02192012
02212012
02222012
02232012
02242012
02252012
02262012
02272012
02282012
02292012
03012012
03022012
03032012
03042012
03052012
03062012
03072012
03082012
03092012
03102012
03112012
03122012
03142012
03152012
03162012
03172012
03182012
03192012
03202012
03212012
03222012
03232012
03242012
03252012
03262012
03272012
03282012
03292012
03302012
03312012
04022012
04042012
04052012
04062012
04072012
04082012
04092012
04102012
04112012
04122012
04142012
04152012
04162012
04172012
04182012
04192012
04202012
04212012
04222012
04232012
04242012
04252012
04262012
04272012
04282012
04292012
04302012
05012012
05022012
05032012
05042012
05052012
05062012
05072012
05082012
05092012
05102012
05112012
05122012
05132012
05152012
05162012
05172012
05182012
05202012
05212012
05222012
05232012
05242012
05252012
05262012
05272012
05282012
05292012
05302012
05312012
06012012
06022012
06032012
06042012
06052012
06062012
06072012
06082012
06092012
06102012
06112012
06122012
06132012
06142012
06152012
06162012
06172012
06182012
06192012
06212012
06222012
06232012
06242012
06252012
06262012
06272012
06282012
06292012
06302012
07012012
07022012
07032012
07042012
07052012
07062012
07072012
07082012
07092012
07102012
07112012
07122012
07132012
07142012
07152012
07162012
07172012
07182012
07192012
07202012
07212012
07222012
07232012
07242012
07252012
07262012
07272012
07282012
07292012
07302012
07312012
08012012
08022012
08032012
08042012
08052012
08062012
08072012
08082012
08092012
08102012
08112012
08122012
08132012
08142012
08152012
08162012
08172012
08182012
08192012
08202012
08212012
08222012
08232012
08242012
08252012
08262012
08272012
08282012
08292012
08302012
08312012
09012012
09022012
09032012
09042012
09052012
09062012
09072012
09082012
09092012
09102012
09112012
09122012
09132012
09142012
09152012
09162012
09172012
09182012
09192012
09202012
09212012
09222012
09232012
09242012
09252012
09262012
09272012
09282012
09292012
09302012
10012012
10022012
10032012
10042012
10052012
10062012
10072012
10082012
10092012
10102012
10112012
10122012
10132012
10142012
10152012
10162012
10172012
10182012
10192012
10202012
10212012
10222012
10232012
10242012
10252012
10262012
10272012
10282012
10292012
10302012
10312012
11012012
11022012
11032012
11042012
11052012
11062012
11072012
11082012
11092012
11102012
11112012
11122012
11132012
11142012
11152012
11162012
11172012
11182012
11192012
11202012
11212012
11222012
11232012
11242012
11252012
11262012
11272012
11282012
11292012
11302012
12012012
12022012
12032012
12042012
12052012
12062012
12072012
12082012
12092012
12102012
12112012
12122012
12132012
12142012
12152012
12162012
12172012
12182012
12192012
12202012
12212012
12222012
12232012
12242012
12252012
12262012
12272012
12282012
12292012
12302012
12312012
01012013
01022013
01032013
01042013
01052013
01062013
01072013
01082013
01092013
01102013
01112013
01122013
01132013
01142013
01152013
01162013
01172013
01182013
01192013
01202013
01212013
01222013
01232013
01242013
01252013
01262013
01272013
01282013
01292013
01302013
01312013
02012013
02022013
02032013
02042013
02052013
02062013
02072013
02082013
02092013
02102013
02112013
02122013
02132013
02142013
02152013
02162013
02172013
02182013
02192013
02202013
02212013
02222013
02232013
02242013
02252013
02262013
02272013
02282013
03012013
03022013
03032013
03042013
03052013
03062013
03072013
03082013
03092013
03102013
03112013
03122013
03132013
03142013
03152013
03162013
03172013
03182013
03192013
03202013
03212013
03222013
03232013
03242013
03252013
03262013
03272013
03282013
03292013
03302013
03312013
04012013
04022013
04032013
04042013
04052013
04062013
04072013
04082013
04092013
04102013
04112013
04122013
04132013
04142013
04152013
04162013
04172013
04182013
04192013
04202013
04212013
04222013
04232013
04242013
04252013
04262013
04272013
04282013
04292013
04302013
05012013
05022013
05032013
05042013
05052013
05062013
05072013
05082013
05092013
05102013
05112013
05122013
05132013
05142013
05152013
05162013
05172013
05182013
05192013
05202013
05212013
05222013
05232013
05242013
05252013
05262013
05272013
05282013
05292013
05302013
05312013
06012013
06022013
06032013
06042013
06052013
06062013
06072013
06082013
06092013
06102013
06112013
06122013
06132013
06142013
06152013
06162013
06172013
06182013
06192013
06202013
06212013
06222013
06232013
06242013
06252013
06262013
06272013
06282013
06292013
06302013
07012013
07022013
07032013
07042013
07052013
07062013
07072013
07082013
07092013
07102013
07112013
07122013
07132013
07142013
07152013
07162013
07172013
07182013
07192013
07202013
07212013
07222013
07232013
07242013
07252013
07262013
07272013
07282013
07292013
07302013
07312013
08012013
08022013
08032013
08042013
08052013
08062013
08072013
08082013
08102013
08112013
08122013
08132013
08142013
08162013
08172013
08182013
08192013
08202013
08212013
08222013
08242013
08252013
08262013
08272013
08282013
08292013
08312013
09012013
09022013
09032013
09042013
09052013
09072013
09082013
09102013
09112013
09122013
09132013
09142013
09152013
09162013
09172013
09182013
09192013
09212013
09222013
09232013
09242013
09252013
09262013
09282013
09292013
09302013
10012013
10022013
10032013
10052013
10062013
10072013
10082013
10092013
10102013
10122013
10132013
10142013
10152013
10162013
10172013
10192013
10202013
10212013
10222013
10232013
10242013
10262013
10272013
10282013
10292013
10302013
10312013
11022013
11032013
11042013
11052013
11062013
11072013
11092013
11102013
11112013
11122013
11132013
11142013
11162013
11172013
11182013
11192013
11202013
11212013
11232013
11242013
11252013
11262013
11272013
11282013
11292013
11302013
12012013
12022013
12032013
12042013
12052013
12072013
12082013
12092013
12102013
12112013
12122013
12142013
12152013
12162013
12172013
12182013
12192013
12212013
12222013
12232013
12242013
12252013
12262013
12272013
12282013
12292013
12302013
12312013
01012014
01022014
01042014
01052014
01062014
01072014
01082014
01092014
01112014
01122014
01132014
01142014
01152014
01162014
01182014
01192014
01202014
01212014
01222014
01232014
01252014
01262014
01272014
01282014
01292014
01302014
02012014
02022014
02032014
02042014
02052014
02062014
02072014
02082014
02092014
02102014
02112014
02122014
02132014
02152014
02162014
02172014
02182014
02192014
02202014
02222014
02232014
02242014
02252014
02262014
02272014
02282014
03022014
03032014
03042014
03052014
03062014
03072014
03082014
03092014
03102014
03112014
03122014
03132014
03142014
03152014
03162014
03172014
03192014
03202014
03222014
03232014
03242014
03252014
03262014
03272014
03282014
03292014
03302014
03312014
04012014
04022014
04032014
04042014
04052014
04062014
04082014
04092014
04102014
04112014
04122014
04132014
04142014
04152014
04162014
04172014
04182014
04192014
04202014
04212014
04222014
04232014
04242014
04252014
04262014
04272014
04282014
04292014
04302014
05012014
05022014
05032014
05042014
05052014
05062014
05072014
05082014
05092014
05102014
05112014
05122014
05132014
05142014
05152014
05162014
05172014
05182014
05192014
05202014
05212014
05222014
05232014
05242014
05252014
05262014
05272014
05282014
05292014
05302014
05312014
06012014
06022014
06032014
06042014
06052014
06062014
06072014
06082014
06092014
06102014
06112014
06122014
06132014
06142014
06152014
06162014
06172014
06182014
06192014
06202014
06212014
06222014
06232014
06242014
06252014
06262014
06272014
06282014
06292014
06302014
07012014
07022014
07032014
07042014
07052014
07062014
07072014
07082014
07092014
07102014
07112014
07122014
07132014
07142014
07152014
07162014
07172014
07182014
07192014
07202014
07212014
07222014
07232014
07242014
07252014
07262014
07272014
07282014
07292014
07302014
07312014
08012014
08022014
08032014
08042014
08052014
08062014
08072014
08082014
08092014
08102014
08112014
08122014
08132014
08142014
08152014
08162014
08172014
08182014
08192014
08202014
08212014
08222014
08232014
08242014
08252014
08262014
08272014
08282014
08292014
08302014
08312014
09012014
09022014
09032014
09042014
09052014
09062014
09072014
09082014
09092014
09102014
09112014
09122014
09132014
09142014
09152014
09162014
09172014
09182014
09192014
09202014
09212014
09222014
09232014
09242014
09252014
09262014
09272014
09282014
09292014
09302014
10012014
10022014
10032014
10042014
10052014
10062014
10072014
10082014
10092014
10102014
10112014
10122014
10132014
10142014
10152014
10162014
10172014
10182014
10192014
10202014
10212014
10222014
10232014
10242014
10252014
10262014
10272014
10282014
10292014
10302014
10312014
11012014
11022014
11032014
11042014
11052014
11062014
11072014
11082014
11092014
11102014
11112014
11122014
11132014
11142014
11152014
11162014
11172014
11182014
11192014
11202014
11212014
11222014
11232014
11242014
11252014
11262014
11272014
11282014
11292014
11302014
12012014
12022014
12032014
12042014
12052014
12062014
12072014
12082014
12092014
12102014
12112014
12122014
12132014
12142014
12152014
12162014
12172014
12182014
12192014
12202014
12212014
12222014
12232014
12242014
12252014
12262014
12272014
12282014
12292014
12302014
12312014
01012015
01022015
01032015
01042015
01052015
01062015
01072015
01082015
01092015
01102015
01112015
01122015
01132015
01142015
01152015
01162015
01172015
01182015
01192015
01202015
01212015
01222015
01232015
01242015
01252015
01262015
01272015
01282015
01292015
01302015
01312015
02012015
02022015
02032015
02042015
02052015
02062015
02072015
02082015
02092015
02102015
02112015
02122015
02132015
02142015
02152015
02162015
02172015
02182015
02192015
02202015
02212015
02222015
02232015
02242015
02252015
02262015
02272015
02282015
03012015
03022015
03032015
03042015
03052015
03062015
03072015
03082015
03092015
03102015
03112015
03122015
03132015
03142015
03152015
03162015
03172015
03182015
03192015
03202015
03212015
03222015
03232015
03242015
03252015
03262015
03272015
03282015
03292015
03302015
03312015
04012015
04022015
04032015
04042015
04052015
04062015
04072015
04082015
04092015
04102015
04112015
04122015
04132015
04142015
04152015
04162015
04172015
04182015
04192015
04202015
04212015
04222015
04232015
04242015
04252015
04262015
04272015
04282015
04292015
04302015
05012015
05022015
05032015
05042015
05052015
05062015
05072015
05082015
05092015
05102015
05112015
05122015
05132015
05142015
05152015
05162015
05172015
05182015
05192015
05202015
05212015
05222015
05232015
05242015
05252015
05262015
05272015
05282015
05292015
05302015
05312015
06012015
06022015
06032015
06042015
06052015
06062015
06072015
06082015
06092015
06102015
06112015
06122015
06132015
06142015
06152015
06162015
06172015
06182015
06192015
06202015
06212015
06222015
06232015
06242015
06252015
06262015
06272015
06282015
06292015
06302015
07012015
07022015
07032015
07042015
07052015
07062015
07072015
07082015
07092015
07102015
07112015
07122015
07132015
07142015
07152015
07162015
07172015
07182015
07192015
07202015
07212015
07222015
07232015
07242015
07252015
07262015
07272015
07282015
07292015
07302015
07312015
08012015
08022015
08032015
08042015
08052015
08062015
08072015
08082015
08092015
08102015
08112015
08122015
08132015
08142015
08152015
08162015
08172015
08182015
08192015
08202015
08212015
08222015
08232015
08242015
08252015
08262015
08272015
08282015
08292015
08302015
08312015
09012015
09022015
09032015
09042015
09052015
09062015
09072015
09082015
09092015
09102015
09112015
09122015
09132015
09142015
09152015
09162015
09172015
09182015
09192015
09202015
09212015
09222015
09232015
09242015
09252015
09262015
09272015
09282015
09292015
09302015
10012015
10022015
10032015
10042015
10052015
10062015
10072015
10082015
10092015
10102015
10112015
10122015
10132015
10142015
10152015
10162015
10172015
10182015
10192015
10202015
10212015
10222015
10232015
10242015
10252015
10262015
10272015
10282015
10292015
10302015
10312015
11012015
11022015
11032015
11042015
11052015
11062015
11072015
11082015
11092015
11102015
11112015
11122015
11132015
11142015
11152015
11162015
11172015
11182015
11192015
11202015
11212015
11222015
11232015
11242015
11252015
11262015
11272015
11282015
11292015
11302015
12012015
12022015
12032015
12042015
12052015
12062015
12072015
12082015
12092015
12102015
12112015
12122015
12132015
12142015
12152015
12162015
12172015
12182015
12192015
12202015
12212015
12222015
12232015
12252015
12262015
12272015
12282015
12292015
12302015
12312015
01022016
01032016
01042016
01052016
01062016
01072016
01092016
01102016
01112016
01122016
01132016
01142016
01162016
01172016
01182016
01192016
01202016
01212016
01232016
01242016
01252016
01262016
01272016
01282016
01302016
01312016
02012016
02022016
02032016
02042016
02062016
02072016
02082016
02092016
02102016
02112016
02122016
02132016
02142016
02152016
02162016
02172016
02182016
02202016
02212016
02222016
02232016
02242016
02252016
02272016
02282016
02292016
03012016
03022016
03032016
03052016
03062016
03072016
03082016
03092016
03102016
03122016
03132016
03142016
03152016
03162016
03172016
03192016
03202016
03212016
03222016
03232016
03242016
03262016
03272016
03282016
03292016
03302016
03312016
04022016
04032016
04042016
04052016
04062016
04072016
04092016
04102016
04112016
04122016
04132016
04142016
04162016
04172016
04182016
04192016
04202016
04212016
04232016
04242016
04252016
04262016
04272016
04282016
04292016
04302016
05012016
05022016
05032016
05042016
05052016
05072016
05082016
05092016
05102016
05112016
05122016
05142016
05152016
05162016
05172016
05182016
05192016
05212016
05222016
05232016
05242016
05252016
05262016
05282016
05292016
05302016
05312016
06012016
06022016
06042016
06052016
06062016
06072016
06082016
06092016
06112016
06122016
06132016
06142016
06152016
06162016
06182016
06192016
06202016
06212016
06222016
06232016
06242016
06252016
06262016
06272016
06282016
06292016
06302016
07022016
07032016
07042016
07052016
07062016
07072016
07092016
07102016
07112016
07122016
07132016
07142016
07162016
07172016
07182016
07192016
07202016
07212016
07232016
07242016
07252016
07262016
07272016
07282016
07302016
07312016
08012016
08022016
08032016
08042016
08052016
08062016
08072016
08082016
08092016
08102016
08112016
08132016
08142016
08152016
08162016
08172016
08182016
08202016
08212016
08222016
08232016
08242016
08252016
08272016
08282016
08292016
08302016
08312016
09012016
09022016
09032016
09042016
09052016
09062016
09072016
09082016
09102016
09112016
09122016
09132016
09142016
09152016
09172016
09182016
09192016
09202016
09212016
09222016
09242016
09252016
09262016
09272016
09282016
09292016
10012016
10022016
10032016
10042016
10052016
10062016
10082016
10092016
10102016
10112016
10122016
10132016
10142016
10152016
10162016
10172016
10182016
10192016
10202016
10222016
10232016
10242016
10252016
10262016
10272016
10292016
10302016
10312016
11012016
11022016
11032016
11042016
11052016
11062016
11072016
11082016
11092016
11102016
11122016
11132016
11142016
11152016
11162016
11172016
11192016
11202016
11212016
11222016
11232016
11242016
11252016
11262016
11272016
11282016
11292016
11302016
12022016
12032016
12042016
12052016
12062016
12072016
12082016
12102016
12112016
12122016
12132016
12142016
12152016
12162016
12172016
12182016
12192016
12202016
12212016
12222016
12232016
12242016
12262016
12272016
12282016
12292016
12302016
12312016
01012017
01022017
01032017
01042017
01052017
01062017
01072017
01082017
01092017
01102017
01112017
01122017
01132017
01142017
01152017
01162017
01172017
01182017
01192017
01202017
01212017
01222017
01232017
01242017
01252017
01262017
01272017
01282017
01292017
01302017
01312017
02012017
02022017
02032017
02042017
02052017
02062017
02072017
02082017
02092017
02102017
02112017
02122017
02132017
02142017
02152017
02162017
02172017
02182017
02192017
02202017
02212017
02222017
02232017
02242017
02252017
02262017
02272017
02282017
03012017
03022017
03032017
03042017
03052017
03062017
03072017
03082017
03092017
03102017
03112017
03122017
03132017
03142017
03152017
03162017
03172017
03182017
03192017
03202017
03212017
03222017
03232017
03242017
03252017
03262017
03272017
03282017
03292017
03302017
03312017
04012017
04022017
04032017
04042017
04052017
04062017
04072017
04082017
04092017
04102017
04112017
