10012001
10022001
10032001
10042001
10052001
10082001
10092001
10102001
10112001
10122001
10152001
10162001
10172001
10182001
10192001
10222001
10232001
10242001
10252001
10262001
10292001
10302001
10312001
11012001
11022001
11052001
11062001
11072001
11082001
11092001
11122001
11132001
11142001
11152001
11162001
11192001
11202001
11212001
11222001
11232001
11262001
11272001
11282001
11292001
11302001
12032001
12042001
12052001
12062001
12072001
12102001
12112001
12122001
12132001
12142001
12172001
12182001
12192001
12202001
12212001
12242001
12252001
12262001
12272001
12282001
12312001
01022002
01032002
01042002
01072002
01082002
01092002
01102002
01112002
01142002
01152002
01162002
01172002
01182002
01212002
01222002
01232002
01242002
01252002
01282002
01292002
01302002
01312002
02012002
02042002
02052002
02062002
02072002
02082002
02112002
02122002
02132002
02142002
02152002
02192002
02202002
02212002
02222002
02252002
02262002
02272002
02282002
03012002
03042002
03052002
03062002
03072002
03082002
03112002
03122002
03132002
03142002
03152002
03182002
03192002
03202002
03212002
03222002
03252002
03262002
03272002
03282002
03292002
04012002
04022002
04032002
04042002
04052002
04082002
04092002
04102002
04112002
04122002
04152002
04162002
04172002
04182002
04192002
04222002
04232002
04242002
04252002
04262002
04292002
05012002
05022002
05032002
05062002
05072002
05082002
05092002
05102002
05132002
05142002
05152002
05162002
05172002
05202002
05212002
05222002
05232002
05282002
05292002
05302002
05312002
06032002
06042002
06052002
06062002
06072002
06102002
06112002
06122002
06132002
06142002
06172002
06202002
06212002
06242002
06252002
06262002
06272002
06282002
07082002
07092002
07102002
07112002
07122002
07152002
07172002
07182002
07222002
07232002
07242002
07262002
07292002
08012002
08022002
08052002
08062002
08072002
08082002
08092002
08122002
08132002
08142002
08152002
08162002
08192002
08202002
08212002
08222002
08232002
09092002
09102002
09112002
09122002
09132002
09162002
09172002
09182002
09192002
09202002
09232002
09252002
09262002
09272002
09302002
10012002
10022002
10032002
10042002
10072002
10082002
10092002
10102002
10112002
10142002
10152002
10162002
10182002
10212002
10222002
10232002
10242002
10252002
10282002
10292002
10312002
11012002
11042002
11052002
11062002
11072002
11082002
11112002
11122002
11142002
11152002
11182002
11192002
11202002
11212002
11222002
11252002
11262002
11272002
12022002
12042002
12052002
12092002
12102002
12112002
12132002
12162002
12172002
12192002
12202002
12232002
12242002
12302002
12312002
01022003
01032003
01072003
01082003
01092003
01102003
01132003
01142003
01162003
01172003
01212003
01222003
01232003
01272003
01282003
01292003
01302003
01312003
02042003
02052003
02062003
02072003
02102003
02112003
02132003
02142003
02172003
02182003
02192003
02202003
02212003
02242003
02252003
02262003
02272003
03032003
03042003
03052003
03062003
03072003
03102003
03112003
03122003
03132003
03142003
03172003
03182003
03192003
03202003
03212003
03242003
03252003
03262003
03272003
03282003
03312003
04012003
04022003
04032003
04042003
04072003
04082003
04092003
04102003
04142003
04152003
04162003
04172003
04182003
04232003
04242003
04252003
04282003
04292003
04302003
05022003
05052003
05062003
05072003
05082003
05092003
05122003
05132003
05142003
05162003
05192003
05202003
05222003
05232003
05262003
05272003
05282003
05292003
05302003
06022003
06032003
06042003
06052003
06062003
06092003
06102003
06112003
06122003
06132003
06162003
06172003
06192003
06202003
06232003
06242003
06262003
06272003
06302003
07012003
07032003
07042003
07072003
07082003
07102003
07112003
07142003
07152003
07172003
07182003
07212003
07222003
07242003
07282003
07302003
08012003
08042003
08062003
08112003
08132003
08142003
08152003
08182003
08202003
08212003
08222003
08252003
08262003
08272003
08282003
08292003
09022003
09032003
09042003
09092003
09102003
09112003
09122003
09152003
09162003
09172003
09182003
09192003
09222003
09232003
09242003
09252003
09262003
09292003
09302003
10012003
10022003
10032003
10062003
10072003
10082003
10092003
10102003
10132003
10142003
10152003
10162003
10172003
10202003
10212003
10222003
10232003
10242003
10272003
10282003
10292003
10302003
10312003
11032003
11042003
11052003
11062003
11072003
11102003
11112003
11122003
11132003
11142003
11172003
11182003
11212003
11242003
11252003
12012003
12022003
12032003
12042003
12052003
12082003
12092003
12102003
12112003
12122003
12152003
12162003
12172003
12182003
12192003
12222003
12232003
12242003
12252003
12262003
12292003
12302003
12312003
01012004
01022004
01052004
01062004
01072004
01082004
01092004
01122004
01132004
01142004
01152004
01162004
01192004
01202004
01212004
01222004
01232004
01262004
01272004
01282004
01292004
01302004
02022004
02032004
02042004
02052004
02062004
02092004
02102004
02112004
02122004
02132004
02172004
02182004
02192004
02232004
02242004
02252004
02272004
03012004
03022004
03032004
03042004
03052004
03082004
03092004
03102004
03112004
03122004
03152004
03162004
03172004
03182004
03192004
03222004
03232004
03242004
03252004
03262004
03282004
03302004
03312004
04012004
04052004
04062004
04072004
04082004
04122004
04132004
04142004
04152004
04192004
04202004
04212004
04222004
04232004
04262004
04272004
04282004
04292004
04302004
05032004
05042004
05052004
05062004
05072004
05102004
05112004
05122004
05132004
05142004
05172004
05182004
05192004
05202004
05212004
05242004
05252004
05262004
05272004
05282004
06012004
06022004
06032004
06042004
06072004
06082004
06092004
06102004
06112004
06142004
06152004
06162004
06172004
06182004
06212004
06222004
06232004
06242004
06282004
06292004
06302004
07012004
07022004
07062004
07072004
07082004
07092004
07122004
07132004
07142004
07152004
07192004
07202004
07212004
07222004
07232004
07262004
07272004
07282004
07292004
07302004
08022004
08032004
08042004
08052004
08092004
08102004
08112004
08122004
08162004
08172004
08182004
08192004
08202004
08232004
08242004
08252004
08272004
08302004
08312004
09012004
09022004
09032004
09072004
09082004
09092004
09102004
09132004
09152004
09162004
09272004
09282004
09292004
09302004
10012004
10042004
10052004
10062004
10072004
10082004
10112004
10122004
10132004
10142004
10152004
10192004
10202004
10212004
10222004
10252004
10262004
10272004
10282004
10292004
11012004
11022004
11042004
11052004
11082004
11092004
11102004
11112004
11122004
11152004
11162004
11172004
11182004
11192004
11222004
11232004
11242004
11262004
11292004
11302004
12022004
12032004
12062004
12072004
12092004
12102004
12132004
12152004
12162004
12202004
12212004
12222004
12232004
12242004
12272004
12292004
12312004
01032005
01042005
01052005
01072005
01102005
01112005
01122005
01132005
01142005
01172005
01182005
01202005
01212005
01242005
01252005
01262005
01272005
01282005
02012005
02022005
02032005
02042005
02072005
02092005
02102005
02112005
02142005
02162005
02172005
02182005
02212005
02222005
02232005
02242005
02282005
03012005
03022005
03032005
03042005
03072005
03082005
03092005
03102005
03112005
03142005
03152005
03162005
03172005
03182005
03222005
03242005
03252005
03292005
03312005
04012005
04042005
04052005
04062005
04112005
04122005
04142005
04152005
04182005
04192005
04212005
04222005
04252005
04262005
04272005
04282005
04292005
05022005
05042005
05052005
05092005
05102005
05122005
05132005
05162005
05172005
05192005
05202005
05232005
05242005
05252005
05312005
06012005
06032005
06062005
06072005
06092005
06132005
06142005
06152005
06172005
06202005
06212005
06222005
06232005
06242005
06272005
06292005
06302005
07012005
07042005
07052005
07062005
07072005
07082005
07112005
07122005
07132005
07152005
07182005
07192005
07212005
07222005
07252005
07262005
07272005
07292005
08012005
08032005
08042005
08052005
08082005
08092005
08112005
08122005
08152005
08162005
08182005
08192005
08222005
08232005
08242005
08252005
08262005
08302005
08312005
09012005
09022005
09062005
09072005
09092005
09122005
09132005
09142005
09162005
09192005
09202005
09212005
09222005
09262005
09272005
09282005
09292005
10032005
10042005
10052005
10062005
10072005
10102005
10112005
10122005
10132005
10142005
10172005
10192005
10202005
10212005
10242005
10252005
10262005
10272005
10282005
11012005
11022005
11032005
11042005
11072005
11082005
11092005
11102005
11142005
11152005
11162005
11172005
11182005
11212005
11222005
11232005
11292005
11302005
12022005
12052005
12062005
12082005
12092005
12122005
12142005
12162005
12192005
12212005
12232005
12262005
12272005
12282005
01022006
01032006
01042006
01052006
01062006
01102006
01112006
01122006
01132006
01162006
01172006
01182006
01202006
01232006
01252006
01272006
01312006
02012006
02032006
02062006
02072006
02082006
02092006
02132006
02142006
02152006
02162006
02172006
02202006
02212006
02222006
02242006
02272006
03012006
03022006
03032006
03072006
03082006
03102006
03142006
03152006
03172006
03202006
03212006
03222006
03232006
03242006
03282006
03302006
04032006
04052006
04072006
04112006
04132006
04142006
04172006
04182006
04202006
04212006
04242006
04252006
04272006
04282006
05012006
05022006
05032006
05052006
05082006
05102006
05122006
05162006
05172006
05182006
05192006
05222006
05232006
05242006
05252006
05302006
05312006
06012006
06022006
06052006
06072006
06082006
06092006
06132006
06142006
06162006
06192006
06212006
06232006
06262006
06282006
06302006
07032006
07052006
07072006
07112006
07122006
07132006
07142006
07172006
07182006
07192006
07212006
07252006
07262006
07282006
07312006
08022006
08042006
08072006
08092006
08112006
08142006
08162006
08172006
08182006
08212006
08232006
08242006
08252006
08282006
08292006
08312006
09012006
09052006
09062006
09072006
09082006
09112006
09132006
09142006
09152006
09182006
09192006
09212006
09222006
09252006
09262006
09282006
09292006
10022006
10032006
10042006
10062006
10092006
10112006
10122006
10132006
10162006
10172006
10192006
10202006
10232006
10242006
10252006
10272006
10302006
10312006
11012006
11032006
11062006
11072006
11092006
11102006
11132006
11142006
11152006
11172006
11202006
11212006
11222006
11272006
11292006
11302006
12012006
12042006
12052006
12062006
12082006
12112006
12132006
12142006
12152006
12182006
12192006
12212006
12222006
12262006
01022007
01032007
01042007
01052007
01082007
01092007
01112007
01122007
01152007
01162007
01172007
01182007
01222007
01232007
01252007
01262007
01292007
01302007
01312007
02022007
02052007
02062007
02082007
02092007
02122007
02132007
02152007
02162007
02202007
02212007
02222007
02232007
02262007
02272007
02282007
03012007
03022007
03052007
03072007
03082007
03092007
03122007
03132007
03152007
03162007
03192007
03212007
03222007
03232007
03262007
03272007
03282007
03292007
03302007
04022007
04032007
04042007
04052007
04062007
04102007
04112007
04122007
04132007
04162007
04172007
04182007
04192007
04232007
04242007
04252007
04262007
04302007
05012007
05022007
05032007
05042007
05072007
05092007
05102007
05112007
05142007
05152007
05162007
05172007
05212007
05222007
05232007
05252007
05292007
05302007
05312007
06012007
06042007
06052007
06062007
06072007
06082007
06112007
06122007
06132007
06152007
06182007
06192007
06212007
06222007
06252007
06262007
06282007
06292007
07022007
07032007
07052007
07062007
07092007
07102007
07122007
07132007
07162007
07172007
07182007
07192007
07202007
07232007
07252007
07262007
07302007
07312007
08022007
08032007
08082007
08092007
08102007
08132007
08142007
08162007
08172007
08202007
08212007
08222007
08242007
08272007
08292007
08302007
09042007
09052007
09072007
09102007
09122007
09132007
09172007
09182007
09202007
09212007
09242007
09252007
09262007
09282007
10012007
10022007
10042007
10052007
10082007
10092007
10112007
10122007
10152007
10162007
10172007
10192007
10232007
10242007
10252007
10262007
10292007
10302007
11012007
11022007
11052007
11072007
11082007
11122007
11132007
11142007
11162007
11192007
11202007
11212007
11262007
11272007
11292007
11302007
12032007
12052007
12062007
12072007
12102007
12112007
12132007
12142007
12172007
12192007
12202007
12212007
12242007
12262007
12272007
12282007
01022008
01032008
01042008
01072008
01092008
01112008
01142008
01162008
01182008
01212008
01232008
01242008
01252008
01282008
01302008
01312008
02042008
02052008
02072008
02082008
02112008
02122008
02142008
02182008
02192008
02212008
02222008
02282008
02292008
03032008
03042008
03062008
03072008
03102008
03112008
03132008
03142008
03172008
03182008
03202008
03212008
03242008
03262008
03272008
03282008
04012008
04022008
04032008
04042008
04082008
04092008
04102008
04112008
04152008
04162008
04172008
04182008
04222008
04232008
04242008
04252008
04292008
04302008
05012008
05022008
05062008
05072008
05082008
05092008
05132008
05142008
05152008
05162008
05202008
05222008
05232008
05272008
05292008
05302008
06032008
06042008
06052008
06102008
06112008
06122008
06132008
06172008
06182008
06192008
06202008
06242008
06252008
06262008
06302008
07012008
07022008
07032008
07072008
07082008
07102008
07112008
07152008
07172008
07182008
07222008
07242008
07252008
07292008
07312008
08012008
08052008
08062008
08082008
08112008
08152008
08192008
08202008
08222008
08252008
08262008
08272008
08282008
09022008
09032008
09052008
09092008
09102008
09112008
09122008
09162008
09192008
09232008
09252008
09272008
10012008
10062008
10082008
10132008
10152008
10172008
10202008
10232008
10272008
10292008
11012008
11112008
11152008
11172008
11202008
11232008
11262008
12022008
12042008
12092008
12152008
12182008
12222008
12242008
01062009
01122009
02022009
02042009
02062009
02112009
02132009
02162009
02192009
02212009
02242009
02262009
03022009
03052009
03102009
03122009
03152009
03172009
03182009
03202009
03232009
03252009
03272009
04012009
04032009
04082009
04092009
04102009
04132009
04192009
04202009
04232009
04262009
04282009
04302009
05042009
05082009
05112009
05132009
05152009
05192009
05222009
05262009
05302009
06022009
06042009
06102009
06142009
06152009
06182009
06232009
06282009
06302009
07022009
07062009
07082009
07132009
07162009
07182009
07212009
07232009
07272009
07292009
08022009
08052009
08062009
08102009
08132009
08172009
08202009
08252009
08272009
08312009
09032009
09042009
09082009
09122009
09152009
09212009
09232009
09282009
09302009
10052009
10092009
10142009
10172009
10212009
10232009
10282009
10302009
11022009
11072009
11152009
11192009
11242009
12012009
12032009
12052009
12102009
12182009
12212009
12222009
12232009
12312009
01042010
01072010
01082010
01152010
01172010
01222010
01312010
02022010
02062010
02162010
02222010
02282010
03032010
03102010
03122010
03162010
03192010
03232010
03262010
03302010
04022010
04062010
04082010
04092010
04132010
04152010
04172010
04222010
04262010
05042010
05092010
05112010
05142010
05182010
05212010
05242010
05262010
05312010
06042010
06082010
06102010
06182010
06222010
06282010
07042010
07092010
07152010
07252010
08032010
08122010
08242010
09102010
09232010
09302010
10182010
11052010
11182010
12022010
12102010
01052011
02202011
11232011
12052011
12142011
01032012
02022012
02032012
02092012
02202012
03132012
04012012
04032012
04132012
05142012
05192012
06202012
08092013
08152013
08232013
08302013
09062013
09092013
09202013
09272013
10042013
10112013
10182013
10252013
11012013
11082013
11152013
11222013
12062013
12132013
12202013
01032014
01102014
01172014
01242014
01312014
02142014
02212014
03012014
03182014
03212014
04072014
12242015
01012016
01082016
01152016
01222016
01292016
02052016
02192016
02262016
03042016
03112016
03182016
03252016
04012016
04082016
04152016
04222016
05062016
05132016
05202016
05272016
06032016
06102016
06172016
07012016
07082016
07152016
07222016
07292016
08122016
08192016
08262016
09092016
09162016
09232016
09302016
10072016
10212016
10282016
11112016
11182016
12012016
12092016
12252016
